1525670053284 0
13 1492 9 1 1 0 6

13 1499 7 1 0 2 3

13 1488 -11 1 0 1 1

13 1480 -8 0 1 2 2

13 1487 7 1 1 0 3

13 1498 11 1 1 0 1

13 1505 7 0 1 0 1

13 1513 8 2 1 2 2

13 1527 14 2 0 1 5

13 1519 -8 1 0 1 4

13 1535 16 1 2 0 1

13 1542 7 1 3 2 3

13 1552 10 1 1 1 3

13 1543 -9 1 1 1 1

13 1549 6 2 1 0 1

13 1555 6 0 2 2 1

13 1544 -11 2 1 2 3

13 1553 9 0 2 2 1

13 1562 9 1 2 1 3

13 1552 -10 0 0 0 2

13 1546 -6 0 0 5 1

13 1555 9 3 0 1 3

13 1555 0 -1 -1 -1 -1

13 1565 10 2 0 0 1

13 1574 9 0 0 0 7

13 1585 11 1 0 1 3

13 1595 10 1 0 2 2

13 1593 -2 0 0 0 1

13 1586 -7 0 0 1 0

13 1598 12 1 2 3 3

13 1590 -8 0 0 1 2

13 1597 7 1 0 1 1

13 1603 6 1 2 1 2

13 1594 -9 0 0 1 2

13 1605 11 1 2 3 2

13 1599 -6 0 0 1 0

13 1591 -8 0 0 0 0

13 1584 -7 1 1 0 3

13 1591 7 0 0 0 0

13 1604 13 0 1 2 0

13 1612 8 1 1 1 3

13 1600 -12 0 0 0 0

13 1589 -11 1 1 2 3

13 1582 -7 1 0 2 2

13 1572 -10 0 0 0 1

13 1564 -8 2 0 0 5

13 1576 12 1 0 0 1

13 1586 10 1 1 0 2

13 1594 8 1 0 1 4

13 1604 10 1 0 0 1

13 1610 6 2 1 0 3

13 1618 8 0 1 2 2

13 1608 -10 0 0 2 2

13 1596 -12 1 0 0 3

13 1607 11 0 1 0 1

13 1598 -9 1 0 3 2

13 1590 -8 2 0 3 3

13 1583 -7 2 0 1 5

13 1594 11 2 1 2 3

13 1589 -5 0 0 1 0

13 1597 8 2 1 1 4

11 1400 0 -1 -1 -1 -1

11 1412 12 1 2 1 5

11 1402 -10 1 0 2 2

11 1414 12 3 0 1 6

12 1136 0 -1 -1 -1 -1

12 1127 -9 0 0 1 1

12 1118 -9 0 0 0 0

12 1127 9 1 1 0 3

12 1118 -9 2 0 2 3

12 1127 9 0 1 2 3

12 1136 9 0 0 0 0

12 1145 9 3 0 0 3

12 1154 9 2 0 1 2

10 1122 0 -1 -1 -1 -1

10 1128 6 13 0 2 23

